250 1225
1 6 4142
1 7 5457
1 8 3677
1 9 8951
1 10 7793
2 6 3136
2 7 185
2 8 5519
2 9 1021
2 10 9179
3 6 3522
3 7 8174
3 8 6126
3 9 886
3 10 2691
4 6 6503
4 7 6077
4 8 7427
4 9 1311
4 10 9954
5 6 9368
5 7 4490
5 8 9915
5 9 6280
5 10 8426
6 11 1310
6 12 9301
6 13 5752
6 14 6061
6 15 6832
7 11 6188
7 12 4289
7 13 6086
7 14 394
7 15 5070
8 11 4440
8 12 1798
8 13 2394
8 14 7258
8 15 4123
9 11 2377
9 12 8099
9 13 4172
9 14 4572
9 15 924
10 11 2744
10 12 8993
10 13 3139
10 14 5367
10 15 5525
11 16 4359
11 17 1194
11 18 7249
11 19 2583
11 20 2544
12 16 9765
12 17 1661
12 18 9189
12 19 6999
12 20 4288
13 16 2561
13 17 5416
13 18 1971
13 19 1155
13 20 4644
14 16 2740
14 17 6165
14 18 6547
14 19 3194
14 20 1422
15 16 8013
15 17 4331
15 18 6350
15 19 1359
15 20 2812
16 21 606
16 22 7424
16 23 6079
16 24 5088
16 25 2121
17 21 9616
17 22 3823
17 23 4971
17 24 1110
17 25 1781
18 21 9998
18 22 1691
18 23 441
18 24 121
18 25 6826
19 21 4889
19 22 2255
19 23 61
19 24 9543
19 25 2032
20 21 9582
20 22 4405
20 23 3453
20 24 9874
20 25 9361
21 26 3784
21 27 8930
21 28 5680
21 29 3986
21 30 839
22 26 2697
22 27 730
22 28 5771
22 29 187
22 30 7251
23 26 5768
23 27 6513
23 28 9551
23 29 8819
23 30 1349
24 26 5464
24 27 6691
24 28 4525
24 29 6971
24 30 4021
25 26 2413
25 27 3647
25 28 3121
25 29 4431
25 30 1613
26 31 9951
26 32 5130
26 33 5512
26 34 7576
26 35 8759
27 31 9447
27 32 406
27 33 1256
27 34 8968
27 35 4933
28 31 3184
28 32 4412
28 33 344
28 34 9290
28 35 196
29 31 2145
29 32 7008
29 33 6916
29 34 7779
29 35 7335
30 31 8006
30 32 7066
30 33 61
30 34 7029
30 35 1972
31 36 9578
31 37 6140
31 38 1734
31 39 1434
31 40 1657
32 36 1745
32 37 9247
32 38 3697
32 39 7896
32 40 3147
33 36 5149
33 37 1411
33 38 9856
33 39 9764
33 40 1410
34 36 2911
34 37 8873
34 38 2387
34 39 7946
34 40 9991
35 36 6133
35 37 763
35 38 659
35 39 1212
35 40 7108
36 41 886
36 42 2375
36 43 3280
36 44 8549
36 45 9365
37 41 7365
37 42 4164
37 43 8523
37 44 8457
37 45 6441
38 41 5210
38 42 2542
38 43 2304
38 44 7445
38 45 3755
39 41 1337
39 42 1963
39 43 9306
39 44 5103
39 45 2314
40 41 30
40 42 4214
40 43 725
40 44 1813
40 45 5855
41 46 8732
41 47 4876
41 48 9764
41 49 3438
41 50 4139
42 46 6557
42 47 3394
42 48 8582
42 49 6006
42 50 5902
43 46 849
43 47 4158
43 48 8458
43 49 7422
43 50 5832
44 46 5334
44 47 7187
44 48 7995
44 49 9781
44 50 4955
45 46 7829
45 47 4492
45 48 2300
45 49 3217
45 50 2370
46 51 4875
46 52 6454
46 53 6828
46 54 9187
46 55 1437
47 51 7368
47 52 3045
47 53 9515
47 54 9148
47 55 6431
48 51 6369
48 52 2572
48 53 538
48 54 3468
48 55 4547
49 51 8221
49 52 3039
49 53 4945
49 54 5622
49 55 5132
50 51 4647
50 52 5573
50 53 4908
50 54 8614
50 55 721
51 56 8112
51 57 5479
51 58 908
51 59 3790
51 60 6549
52 56 929
52 57 9457
52 58 919
52 59 8153
52 60 1167
53 56 3054
53 57 7358
53 58 7494
53 59 1792
53 60 4929
54 56 4842
54 57 419
54 58 8665
54 59 1207
54 60 6321
55 56 2228
55 57 4842
55 58 6917
55 59 237
55 60 9567
56 61 3527
56 62 4937
56 63 4823
56 64 2931
56 65 8417
57 61 4621
57 62 5193
57 63 8325
57 64 4640
57 65 7795
58 61 2890
58 62 1519
58 63 4393
58 64 3146
58 65 2203
59 61 6522
59 62 2365
59 63 680
59 64 7429
59 65 4613
60 61 7166
60 62 6402
60 63 4815
60 64 4801
60 65 4787
61 66 6412
61 67 9508
61 68 6126
61 69 9810
61 70 1574
62 66 2648
62 67 7192
62 68 91
62 69 6907
62 70 380
63 66 2656
63 67 1134
63 68 2274
63 69 4327
63 70 2185
64 66 2919
64 67 9066
64 68 3637
64 69 8800
64 70 4528
65 66 546
65 67 8846
65 68 6890
65 69 5145
65 70 6063
66 71 9502
66 72 5809
66 73 2582
66 74 611
66 75 915
67 71 4647
67 72 7428
67 73 3411
67 74 8690
67 75 3898
68 71 4124
68 72 6446
68 73 7247
68 74 8581
68 75 4516
69 71 9895
69 72 1144
69 73 5501
69 74 9055
69 75 3607
70 71 7868
70 72 2172
70 73 5934
70 74 8597
70 75 7812
71 76 7606
71 77 3674
71 78 8111
71 79 7002
71 80 7535
72 76 3369
72 77 938
72 78 2948
72 79 7959
72 80 8039
73 76 4304
73 77 3673
73 78 3123
73 79 3405
73 80 321
74 76 8866
74 77 9420
74 78 4077
74 79 1894
74 80 4922
75 76 9013
75 77 6358
75 78 1792
75 79 3673
75 80 6849
76 81 1626
76 82 8758
76 83 7726
76 84 6191
76 85 4837
77 81 4362
77 82 9162
77 83 7431
77 84 9606
77 85 5681
78 81 4762
78 82 6755
78 83 3225
78 84 317
78 85 473
79 81 4406
79 82 9350
79 83 5055
79 84 9785
79 85 161
80 81 1135
80 82 2364
80 83 4995
80 84 4868
80 85 3865
81 86 5483
81 87 4002
81 88 8430
81 89 6555
81 90 1514
82 86 7693
82 87 997
82 88 4250
82 89 1815
82 90 8892
83 86 5150
83 87 972
83 88 7890
83 89 8047
83 90 1734
84 86 3662
84 87 7292
84 88 8644
84 89 1003
84 90 5301
85 86 5943
85 87 8737
85 88 136
85 89 8844
85 90 5598
86 91 6257
86 92 5483
86 93 1155
86 94 6513
86 95 3554
87 91 8908
87 92 4868
87 93 922
87 94 3238
87 95 7660
88 91 6480
88 92 6475
88 93 867
88 94 552
88 95 922
89 91 2631
89 92 1640
89 93 163
89 94 25
89 95 8961
90 91 9286
90 92 7965
90 93 8356
90 94 9348
90 95 3142
91 96 5743
91 97 7223
91 98 5783
91 99 5947
91 100 5410
92 96 3632
92 97 2514
92 98 9272
92 99 2145
92 100 98
93 96 7273
93 97 3154
93 98 4814
93 99 149
93 100 9009
94 96 9482
94 97 9270
94 98 6505
94 99 1327
94 100 1560
95 96 2797
95 97 9006
95 98 3354
95 99 9241
95 100 7211
96 101 975
96 102 6005
96 103 1461
96 104 7542
96 105 9707
97 101 2235
97 102 7456
97 103 3546
97 104 5798
97 105 6317
98 101 4066
98 102 1835
98 103 5110
98 104 9056
98 105 788
99 101 6403
99 102 3154
99 103 1027
99 104 4677
99 105 5050
100 101 9874
100 102 1760
100 103 8994
100 104 3462
100 105 844
101 106 6262
101 107 3455
101 108 5388
101 109 853
101 110 1225
102 106 4121
102 107 3863
102 108 8390
102 109 4462
102 110 1781
103 106 2621
103 107 7595
103 108 8577
103 109 4560
103 110 6687
104 106 7421
104 107 9740
104 108 7100
104 109 4916
104 110 3931
105 106 2690
105 107 7966
105 108 3046
105 109 5339
105 110 1331
106 111 6741
106 112 3454
106 113 9801
106 114 4134
106 115 1408
107 111 2844
107 112 2500
107 113 6518
107 114 5856
107 115 964
108 111 5514
108 112 7065
108 113 5119
108 114 9499
108 115 1902
109 111 1320
109 112 3000
109 113 9228
109 114 1398
109 115 470
110 111 9599
110 112 1605
110 113 555
110 114 4019
110 115 3165
111 116 7282
111 117 5632
111 118 8753
111 119 6822
111 120 8292
112 116 9871
112 117 6371
112 118 7249
112 119 4571
112 120 6862
113 116 4840
113 117 8512
113 118 7364
113 119 2771
113 120 8293
114 116 7326
114 117 6165
114 118 4096
114 119 6362
114 120 3647
115 116 923
115 117 3639
115 118 5879
115 119 7542
115 120 655
116 121 4711
116 122 8473
116 123 5943
116 124 4857
116 125 9221
117 121 7789
117 122 1271
117 123 2032
117 124 7329
117 125 9380
118 121 3439
118 122 6526
118 123 6303
118 124 2927
118 125 285
119 121 8612
119 122 9462
119 123 8084
119 124 8057
119 125 5721
120 121 1836
120 122 679
120 123 3919
120 124 5757
120 125 8969
121 126 191
121 127 8606
121 128 1563
121 129 3706
121 130 9569
122 126 8299
122 127 172
122 128 1544
122 129 8884
122 130 8087
123 126 4592
123 127 4061
123 128 9282
123 129 2301
123 130 9826
124 126 5038
124 127 9549
124 128 1671
124 129 996
124 130 3013
125 126 6494
125 127 775
125 128 6104
125 129 7461
125 130 8582
126 131 957
126 132 1914
126 133 9878
126 134 6534
126 135 603
127 131 401
127 132 9261
127 133 308
127 134 6767
127 135 2073
128 131 3822
128 132 3805
128 133 1751
128 134 446
128 135 4716
129 131 7988
129 132 6130
129 133 2724
129 134 3792
129 135 7265
130 131 6883
130 132 5126
130 133 5220
130 134 1046
130 135 6258
131 136 1065
131 137 7583
131 138 165
131 139 808
131 140 5285
132 136 6450
132 137 7116
132 138 6056
132 139 1669
132 140 2710
133 136 2170
133 137 7296
133 138 5837
133 139 8927
133 140 903
134 136 6595
134 137 4335
134 138 4538
134 139 5000
134 140 8332
135 136 5873
135 137 9738
135 138 7720
135 139 8352
135 140 979
136 141 1182
136 142 5463
136 143 5353
136 144 6079
136 145 816
137 141 7860
137 142 403
137 143 906
137 144 2420
137 145 5165
138 141 8416
138 142 7393
138 143 1925
138 144 1760
138 145 3144
139 141 5748
139 142 4293
139 143 814
139 144 9615
139 145 3186
140 141 4445
140 142 2939
140 143 6751
140 144 1540
140 145 9137
141 146 9359
141 147 6207
141 148 7410
141 149 4043
141 150 1037
142 146 6435
142 147 4743
142 148 6759
142 149 6192
142 150 4983
143 146 7007
143 147 7640
143 148 5785
143 149 6460
143 150 3422
144 146 6414
144 147 7674
144 148 4486
144 149 9676
144 150 5223
145 146 2252
145 147 9923
145 148 5949
145 149 1481
145 150 2333
146 151 7280
146 152 2898
146 153 6814
146 154 1705
146 155 2140
147 151 7171
147 152 189
147 153 5984
147 154 5943
147 155 4328
148 151 209
148 152 4841
148 153 7930
148 154 1669
148 155 1314
149 151 7864
149 152 3651
149 153 2886
149 154 5702
149 155 8071
150 151 1831
150 152 9714
150 153 5844
150 154 2439
150 155 3602
151 156 2379
151 157 8641
151 158 7902
151 159 475
151 160 4061
152 156 3408
152 157 7569
152 158 497
152 159 9664
152 160 2722
153 156 8548
153 157 5783
153 158 6475
153 159 1566
153 160 4426
154 156 8423
154 157 9120
154 158 9591
154 159 8940
154 160 6119
155 156 2139
155 157 4133
155 158 3081
155 159 4891
155 160 5331
156 161 4384
156 162 1183
156 163 4250
156 164 4180
156 165 1216
157 161 1155
157 162 2922
157 163 3479
157 164 6629
157 165 6180
158 161 3070
158 162 1295
158 163 2144
158 164 2074
158 165 4253
159 161 3100
159 162 4168
159 163 9149
159 164 6595
159 165 9829
160 161 4514
160 162 921
160 163 8088
160 164 6546
160 165 7143
161 166 1364
161 167 6139
161 168 531
161 169 6280
161 170 556
162 166 9226
162 167 4858
162 168 5812
162 169 356
162 170 8574
163 166 6406
163 167 2561
163 168 4344
163 169 1990
163 170 6618
164 166 4636
164 167 7233
164 168 8802
164 169 1804
164 170 1437
165 166 6830
165 167 6619
165 168 3428
165 169 7246
165 170 3351
166 171 9555
166 172 504
166 173 6529
166 174 1799
166 175 5794
167 171 6917
167 172 4275
167 173 5021
167 174 2643
167 175 5827
168 171 1767
168 172 3129
168 173 8853
168 174 9383
168 175 1954
169 171 3901
169 172 7271
169 173 7793
169 174 2955
169 175 8575
170 171 7456
170 172 4845
170 173 6680
170 174 3254
170 175 5542
171 176 9627
171 177 4987
171 178 5992
171 179 8157
171 180 2267
172 176 4508
172 177 1501
172 178 3393
172 179 7127
172 180 6111
173 176 1717
173 177 9287
173 178 7218
173 179 7548
173 180 4755
174 176 2302
174 177 950
174 178 4171
174 179 3298
174 180 775
175 176 8579
175 177 5679
175 178 5398
175 179 9637
175 180 412
176 181 8487
176 182 268
176 183 6954
176 184 8413
176 185 9499
177 181 9350
177 182 4279
177 183 5801
177 184 3516
177 185 2731
178 181 9219
178 182 800
178 183 1881
178 184 267
178 185 389
179 181 8257
179 182 6257
179 183 3263
179 184 6438
179 185 9949
180 181 8323
180 182 8943
180 183 1210
180 184 8914
180 185 1505
181 186 7080
181 187 7587
181 188 5727
181 189 6636
181 190 3556
182 186 3382
182 187 8646
182 188 7391
182 189 1797
182 190 7804
183 186 7105
183 187 8084
183 188 1250
183 189 3150
183 190 1723
184 186 2010
184 187 9603
184 188 928
184 189 9977
184 190 6477
185 186 1575
185 187 5322
185 188 6179
185 189 1193
185 190 377
186 191 8552
186 192 9194
186 193 3115
186 194 5674
186 195 1780
187 191 4865
187 192 6236
187 193 2116
187 194 1924
187 195 4775
188 191 5036
188 192 8980
188 193 7617
188 194 8739
188 195 7572
189 191 3710
189 192 1799
189 193 6612
189 194 9510
189 195 1321
190 191 7853
190 192 6337
190 193 7002
190 194 6819
190 195 9307
191 196 1002
191 197 7528
191 198 9819
191 199 7056
191 200 3424
192 196 4219
192 197 5113
192 198 893
192 199 4593
192 200 4408
193 196 3541
193 197 3885
193 198 5492
193 199 2873
193 200 2050
194 196 362
194 197 5469
194 198 9769
194 199 1898
194 200 7045
195 196 5884
195 197 7034
195 198 7931
195 199 3308
195 200 8850
196 201 2966
196 202 3828
196 203 8324
196 204 9631
196 205 2477
197 201 1346
197 202 2795
197 203 4591
197 204 3468
197 205 6573
198 201 8337
198 202 8890
198 203 810
198 204 8434
198 205 5051
199 201 9896
199 202 7316
199 203 9686
199 204 690
199 205 8950
200 201 7624
200 202 8603
200 203 1150
200 204 8135
200 205 2010
201 206 8967
201 207 1517
201 208 4422
201 209 6790
201 210 1427
202 206 3696
202 207 9567
202 208 4191
202 209 5996
202 210 3598
203 206 8424
203 207 7326
203 208 3735
203 209 3013
203 210 3110
204 206 3200
204 207 6263
204 208 5362
204 209 1000
204 210 4237
205 206 3671
205 207 831
205 208 6514
205 209 5663
205 210 3649
206 211 1439
206 212 7712
206 213 6141
206 214 4021
206 215 8397
207 211 2215
207 212 9109
207 213 2123
207 214 5453
207 215 1732
208 211 7124
208 212 8729
208 213 3364
208 214 8063
208 215 6304
209 211 1953
209 212 7568
209 213 4733
209 214 4346
209 215 8550
210 211 5310
210 212 8491
210 213 6433
210 214 4287
210 215 3424
211 216 368
211 217 5129
211 218 217
211 219 321
211 220 8165
212 216 9459
212 217 5417
212 218 811
212 219 8614
212 220 2767
213 216 2172
213 217 4986
213 218 5240
213 219 8114
213 220 9681
214 216 5456
214 217 1280
214 218 9966
214 219 2692
214 220 6893
215 216 7514
215 217 9638
215 218 6774
215 219 1278
215 220 7281
216 221 1999
216 222 3187
216 223 1087
216 224 6835
216 225 6023
217 221 4055
217 222 4484
217 223 4594
217 224 7968
217 225 6694
218 221 1268
218 222 9715
218 223 3900
218 224 4624
218 225 243
219 221 55
219 222 5637
219 223 8199
219 224 2177
219 225 8603
220 221 165
220 222 7801
220 223 9174
220 224 4961
220 225 3542
221 226 2033
221 227 1880
221 228 7632
221 229 4210
221 230 3814
222 226 98
222 227 4113
222 228 130
222 229 1571
222 230 7814
223 226 2583
223 227 1947
223 228 1206
223 229 4506
223 230 6916
224 226 4991
224 227 3575
224 228 8681
224 229 8482
224 230 4021
225 226 2541
225 227 2071
225 228 8099
225 229 9069
225 230 3952
226 231 973
226 232 3637
226 233 1365
226 234 5368
226 235 8242
227 231 7950
227 232 2873
227 233 8133
227 234 7735
227 235 4999
228 231 3516
228 232 7441
228 233 702
228 234 4149
228 235 5120
229 231 551
229 232 9278
229 233 109
229 234 2015
229 235 5838
230 231 1569
230 232 5274
230 233 1430
230 234 9077
230 235 6744
231 236 940
231 237 5559
231 238 9601
231 239 8386
231 240 2234
232 236 1640
232 237 6200
232 238 9300
232 239 4384
232 240 5550
233 236 206
233 237 9806
233 238 7456
233 239 915
233 240 2658
234 236 9022
234 237 3764
234 238 9610
234 239 6532
234 240 4479
235 236 7077
235 237 642
235 238 5568
235 239 5360
235 240 573
236 241 2004
236 242 1861
236 243 6574
236 244 793
236 245 666
237 241 3076
237 242 9018
237 243 8766
237 244 6225
237 245 2245
238 241 5357
238 242 5364
238 243 4311
238 244 8181
238 245 6152
239 241 6517
239 242 2405
239 243 435
239 244 7350
239 245 3461
240 241 9507
240 242 4802
240 243 6654
240 244 3354
240 245 9530
241 246 8344
241 247 5793
241 248 298
241 249 7237
241 250 3198
242 246 7401
242 247 7742
242 248 1633
242 249 4982
242 250 9442
243 246 2283
243 247 3535
243 248 7383
243 249 1296
243 250 8217
244 246 8109
244 247 1856
244 248 4635
244 249 2971
244 250 8538
245 246 2827
245 247 2754
245 248 7170
245 249 2045
245 250 8867
4
1 2
1 250
42 179
63 211